Node 0:    	70	3	41	4	98	13	79	90	2	6	8	9	14	53	84	93	136	146	151	152172	188	196	204	206	208	209	214	216	224	231	232	257	266	305	309	313	320	327	328	347	351360	382	421	424	439	452	471	528	537	538	562	576	600	605	615	616	618	652	661	667	675	680688	689	693	702	761	795	809	814	840	842	855	856	857	865	893	921	931	932	952	954	970	975989	24	65	78
Node 1:    	53	33	47	94	83	38	55	68	18	30	58	60	63	76	109	116	118	129	138	150152	157	166	168	187	194	218	242	246	248	250	254	264	273	277	281	292	305	308	319	326	332337	345	360	362	376	390	403	425	429	434	435	442	445	460	464	466	474	480	507	522	555	561570	608	627	645	647	661	662	682	693	694	695	700	702	704	726	740	746	750	768	774	785	787789	796	810	817	825	838	843	847	871	876	908	915	934	937	953	964	968	982	991	24	46	6473	91	98
Node 2:    	46	71	17	37	52	91	0	16	13	41	53	59	61	67	69	87	120	131	173	176181	182	224	227	259	262	269	282	289	300	344	346	355	370	383	388	395	417	443	449	452	493501	519	520	531	532	605	623	625	677	685	692	696	698	710	711	714	724	728	730	736	738	740771	789	816	817	840	843	908	911	922	979	990
Node 3:    	51	56	36	54	40	47	18	16	0	8	28	39	50	88	108	114	115	128	150	166173	187	188	210	221	226	230	234	235	253	265	273	283	287	294	298	308	329	343	350	392	407413	439	443	452	457	459	470	479	492	498	503	513	519	524	525	549	552	555	568	587	601	608618	625	636	649	659	689	693	696	699	702	704	719	728	735	743	779	786	790	791	801	812	819880	913	914	924	925	933	935	953	955	959	981	983	985	55	68	89	91	92
Node 4:    	32	97	14	72	42	21	16	44	0	5	6	25	45	51	52	110	127	129	176	187200	218	228	230	257	283	288	291	299	312	329	330	356	359	369	385	389	394	399	402	406	414450	461	500	507	513	544	556	561	569	579	592	614	621	625	633	637	638	651	658	687	701	752763	767	769	772	778	794	814	817	819	839	840	858	861	879	880	884	885	898	913	918	930	931967	970	971	978	994	997	23	40
Node 5:    	99	32	50	66	85	4	82	94	11	34	74	76	105	118	163	164	186	191	208	220227	244	294	303	304	310	353	360	364	375	377	381	393	398	432	439	469	471	477	481	485	502518	522	538	540	559	592	632	639	641	650	653	684	709	731	749	755	756	764	765	768	774	800803	825	831	843	873	893	929	934	935	943	946	950	953	968	986	989	991	24	41	48	70	83
Node 6:    	40	27	65	41	47	52	0	4	20	24	30	38	44	69	108	112	132	150	152	164167	195	215	218	260	261	270	298	302	309	313	314	352	371	375	398	423	433	445	471	472	476484	512	539	542	547	553	573	577	588	589	591	597	606	626	643	647	651	700	705	710	732	735736	739	743	745	768	770	774	799	810	826	828	829	833	837	839	870	893	906	930	965	974	99046	70	71	79	97
Node 7:    	95	82	23	99	73	87	45	33	31	57	71	93	96	106	108	110	124	143	157	176180	184	218	219	232	250	252	268	271	286	300	321	346	354	363	375	390	400	410	423	424	440447	457	466	467	469	470	471	499	504	512	531	535	554	573	588	649	678	691	712	736	743	745768	770	776	784	790	797	801	815	820	821	829	877	881	882	912	938	941	43
Node 8:    	0	10	38	18	16	89	3	91	21	52	66	77	125	134	139	147	149	155	178	200204	214	224	225	288	294	298	330	339	341	390	401	417	425	447	448	449	458	482	484	491	495503	508	524	532	536	538	563	564	572	582	584	585	594	643	644	661	662	671	685	694	720	722724	746	751	757	760	761	763	793	810	822	837	840	845	888	892	913	938	945	962	965	993	99815	25	37	56	83	94
Node 9:    	31	0	70	79	44	18	95	94	26	45	48	65	78	80	92	121	122	143	161	167185	201	204	214	229	230	245	259	263	298	324	334	403	411	429	450	457	480	481	484	495	498521	522	524	535	538	594	610	624	628	647	648	655	665	674	698	700	707	713	715	753	756	763767	777	780	800	807	808	868	870	872	878	892	948	949	950	952	959	983
Node 10:    	51	55	62	65	15	35	48	74	8	28	42	83	123	153	154	161	170	192	210	211224	233	241	262	271	278	291	292	304	317	327	361	370	380	388	488	496	499	522	525	526	528531	532	540	560	582	587	610	620	627	628	635	640	677	686	705	727	730	732	733	741	742	753768	800	811	827	851	856	860	865	874	876	879	896	924	934	941	977	991	16	52	53
Node 11:    	13	5	70	58	23	94	59	98	36	37	49	54	100	122	124	147	154	174	176	185190	227	250	251	256	261	277	297	299	303	310	323	334	357	373	374	398	401	404	422	425	431456	458	472	481	502	506	515	546	551	561	573	581	592	628	630	660	661	666	690	695	697	701702	749	755	812	835	853	869	875	884	888	889	894	897	899	904	908	925	956	958	970	986	7583	93	99
Node 12:    	30	31	40	36	79	29	46	61	22	28	35	51	78	98	113	119	126	135	138	159171	174	187	189	193	198	213	217	232	263	267	270	274	296	301	308	310	314	335	359	392	395439	444	506	510	514	538	563	571	576	589	592	597	613	636	641	646	654	657	658	675	698	700745	746	758	778	785	794	808	820	823	830	851	856	864	866	874	882	897	904	920	929	936	969978	992	996	48	87	89	97
Node 13:    	15	83	50	24	19	27	2	87	0	11	32	49	57	68	90	112	129	158	174	179208	214	220	229	236	258	266	272	276	280	283	287	303	309	339	346	354	357	368	370	386	387391	399	402	436	451	469	474	495	505	520	539	542	544	547	550	576	584	597	603	632	650	652653	675	711	715	744	750	783	798	838	839	853	883	885	889	898	905	915	918	931	936	940	974980	983	988	999	35	55	69	86
Node 14:    	90	73	0	92	65	86	75	98	4	20	107	116	156	163	180	182	190	199	208	214245	249	261	269	307	334	337	340	352	362	373	382	384	389	427	433	435	467	488	500	513	516533	541	543	568	582	588	621	632	639	650	678	710	732	737	739	751	756	759	786	789	801	823855	870	916	921	922	927	931	936	959	970	987	991	38	47	61
Node 15:    	8	23	89	70	66	19	60	42	10	17	25	30	38	93	96	100	102	115	137	194199	209	229	268	288	303	315	319	333	336	353	370	372	381	382	383	397	416	426	427	472	473480	497	500	541	554	561	582	585	588	618	631	640	650	686	687	690	719	748	769	794	813	821822	823	829	835	838	842	850	853	863	875	902	939	945	946	962	966	980	987	992	993	13	4144	74	77
Node 16:    	76	41	10	98	74	84	55	28	2	3	4	8	17	23	31	49	79	80	107	125130	135	150	151	157	168	175	207	230	237	238	248	260	264	313	317	325	329	345	367	392	401428	444	461	467	474	514	528	549	558	567	571	584	585	587	604	606	609	655	685	688	691	693709	714	731	753	754	773	776	781	834	843	844	847	885	897	907	931	941	962	985	991
Node 17:    	47	16	45	99	76	63	15	84	2	20	32	41	67	90	114	118	126	129	151	153155	177	189	210	213	252	285	290	312	315	316	325	347	348	350	354	366	395	399	407	414	454458	473	476	480	509	513	518	548	559	575	580	600	601	620	626	645	680	703	730	749	760	785846	852	866	870	886	916	919	956	978	985	986	993	50	56	71	91
Node 18:    	55	51	26	52	77	35	72	1	3	8	9	21	25	27	59	68	93	105	116	126136	144	171	191	192	202	203	215	220	237	238	242	253	278	287	292	315	328	361	365	367	376407	410	411	412	414	425	436	451	464	482	486	492	495	497	513	515	520	523	532	536	595	599613	627	630	635	642	644	671	691	696	697	766	778	781	790	805	809	827	839	847	871	876	891893	897	909	917	943	947	948	983	987	992	999	36	47	50	98
Node 19:    	41	24	72	92	23	79	27	85	13	15	54	67	84	90	113	131	142	165	196	197223	238	255	275	287	291	293	316	318	321	333	346	366	372	404	417	420	428	438	441	446	452472	503	506	509	515	534	545	549	559	603	605	610	629	631	653	658	669	682	705	746	764	775789	808	811	820	828	867	905	916	930	956	961	967	46	52	99
Node 20:    	26	6	32	37	84	14	17	24	36	39	44	61	97	149	197	239	269	277	285	292301	305	341	348	354	377	385	433	443	470	474	478	484	499	505	525	534	538	543	544	553	560571	574	579	593	595	636	639	653	664	669	676	699	709	728	765	776	824	832	833	858	912	918930	959	963	977	978	996	46
Node 21:    	68	8	18	61	92	81	34	56	4	40	57	64	77	86	105	124	159	191	199	244286	287	313	326	327	334	358	394	405	409	418	420	429	441	446	447	454	471	498	520	528	537548	550	552	573	587	604	617	639	651	678	682	693	710	726	737	750	752	771	779	802	824	827838	860	861	862	864	876	928	955	975	980	982	993
Node 22:    	97	94	12	62	69	59	46	24	33	43	56	107	123	142	146	169	176	200	237	254258	264	303	311	327	340	344	347	349	368	369	377	385	408	415	444	453	465	478	493	510	527532	536	541	544	597	599	601	615	616	650	662	684	707	711	715	727	752	835	845	851	895	903912	913	925	932	934	953	992	999	40	42	87	92
Node 23:    	69	47	31	4	16	83	46	89	7	11	15	19	30	44	97	104	128	148	149	160165	169	186	210	212	222	257	289	294	295	305	306	324	338	363	375	381	384	390	409	419	420422	430	435	468	472	501	502	503	510	517	519	537	546	549	565	585	595	619	623	636	658	660685	690	703	733	744	760	770	792	803	808	825	832	836	868	876	919	936	978	981	985	994	4388
Node 24:    	1	0	5	82	49	60	6	25	13	20	22	102	129	130	131	132	136	140	148	159170	173	175	191	212	219	223	228	235	247	252	254	258	265	275	285	293	305	315	321	333	340346	372	373	375	383	393	440	455	460	462	478	485	491	499	509	510	529	532	551	566	571	574580	581	589	593	617	627	669	674	702	709	719	734	748	754	794	824	827	855	860	864	867	891895	898	912	916	919	929	954	960	974	980	988	19	53	71	95
Node 25:    	8	4	93	48	15	18	64	78	24	31	37	56	73	99	112	118	119	126	127	132147	149	160	178	180	193	199	204	212	221	237	243	251	259	284	288	292	326	330	331	377	379391	409	443	458	468	477	507	514	526	534	567	571	581	589	601	606	622	681	706	718	720	723777	779	794	796	809	852	854	865	897	902	904	921	951	958	965	979	990	29	61	79	97
Node 26:    	57	96	9	97	72	49	27	59	20	58	75	105	115	138	145	147	159	168	173	263266	275	284	306	322	332	344	351	355	357	359	364	365	371	392	397	408	414	423	436	440	449451	454	477	547	556	572	575	613	615	618	623	626	656	661	667	693	695	723	735	747	772	777830	854	860	861	863	901	904	911	914	920	926	928	955	965	996	18	99
Node 27:    	75	41	40	64	80	18	68	43	6	13	19	26	29	48	101	111	128	144	151	156165	180	189	198	204	225	238	256	299	302	320	328	335	351	360	368	399	404	418	422	426	438453	499	530	543	555	578	591	596	608	611	618	631	637	642	666	691	699	740	747	751	752	765786	795	796	802	806	811	830	833	840	842	848	850	859	862	865	899	900	920	947	953	974	988994	999	32	54	72
Node 28:    	91	87	37	86	10	69	3	12	16	53	62	84	107	113	125	148	161	183	196	222247	264	270	308	337	363	371	373	387	449	453	490	499	530	536	572	590	604	617	619	625	628629	631	634	655	664	678	711	713	721	725	727	729	739	747	750	787	788	795	799	803	828	831843	845	859	895	896	900	907	926	936	938	954	968	994	999	48	64	70	94	98
Node 29:    	25	98	53	27	79	37	97	45	12	34	109	138	156	171	175	178	192	210	213	245251	274	276	312	343	360	364	377	395	407	415	432	450	452	455	491	502	599	622	625	671	679680	696	703	716	748	752	757	764	770	799	802	830	836	837	848	849	857	870	888	927	961	969996	35
Node 30:    	33	15	34	6	88	23	1	42	12	55	59	101	122	133	135	172	177	232	233	239248	249	276	278	279	332	338	355	362	378	389	400	403	419	432	503	546	561	569	576	581	592602	603	616	625	645	685	725	778	803	816	838	886	892	906	907	909	922	923	927	939	951	963979	991	999	80	91
Node 31:    	40	33	25	84	55	16	59	7	9	12	81	105	127	133	136	138	151	181	184	206211	221	223	226	236	240	271	276	279	284	290	302	309	316	318	320	329	338	340	354	360	378394	405	420	442	446	451	506	512	529	563	575	596	598	603	613	651	657	658	664	668	680	684707	723	748	757	766	779	784	785	815	851	853	857	861	873	874	886	890	910	928	942	946	951953	965	972	979	23	63	72	74	75	91
Node 32:    	27	95	99	85	17	89	64	13	5	20	34	43	104	123	145	146	149	150	157	161183	198	199	206	211	215	246	261	266	276	291	293	303	307	332	336	371	383	402	406	416	422424	440	472	475	496	516	522	550	559	574	583	587	615	631	642	647	656	659	660	662	673	687725	777	782	806	810	828	844	871	892	920	927	932	936	945	954	966	982	985	986	987	4
Node 33:    	42	69	76	71	52	87	22	55	1	7	36	41	51	56	66	78	85	102	111	113120	137	143	146	155	165	194	197	252	283	290	295	315	324	335	341	379	403	436	456	460	463466	535	541	549	557	585	591	600	606	641	648	652	655	665	667	670	677	688	690	717	722	734770	783	814	836	854	869	902	909	920	926	931	958	998	30	31	45	53	72	73
Node 34:    	49	72	81	5	93	29	99	32	21	30	45	51	75	89	95	107	109	122	134	147151	167	170	177	188	189	201	207	211	212	213	214	216	220	226	253	262	275	281	321	322	326330	335	353	361	364	365	367	386	393	397	414	420	424	444	461	470	476	521	527	540	545	552553	558	562	565	568	596	620	627	634	645	654	663	673	678	694	699	703	714	716	732	776	781793	817	845	859	867	895	903	908	912	917	928	972	988	70	90
Node 35:    	13	29	12	50	95	48	91	88	10	18	36	54	57	67	74	82	103	109	110	120123	163	201	205	236	244	248	261	268	283	291	295	309	313	320	322	325	335	342	349	369	406412	413	430	477	478	487	490	492	493	524	574	583	585	602	609	641	644	672	679	683	698	714722	753	764	777	787	793	819	834	841	877	890	892	906	909	921	925	933	962	964	68	89
Node 36:    	97	18	33	35	95	20	58	11	3	12	61	65	68	75	102	124	130	164	173	189197	216	222	240	265	269	278	323	331	333	353	393	394	425	429	431	487	489	529	534	536	560573	614	632	634	639	643	650	657	663	665	671	675	699	708	710	719	745	749	753	772	782	821827	839	851	855	860	861	869	878	883	896	911	929	948	973	88	94
Node 37:    	87	94	8	65	48	50	25	11	2	20	28	29	42	51	81	88	110	130	137	148187	194	201	207	217	220	230	250	260	263	265	268	285	301	313	325	334	338	390	397	401	403411	432	433	456	494	504	512	514	515	531	557	558	563	564	570	572	581	589	602	604	616	620629	631	645	657	672	692	702	703	706	714	729	737	739	741	742	748	757	780	791	804	818	823829	832	844	856	863	875	879	886	887	936	957	974	979	983	989	998	99
Node 38:    	46	14	94	58	15	70	6	76	1	8	39	60	67	73	75	98	101	138	141	150166	170	186	227	257	258	281	291	310	321	324	332	358	379	385	412	420	438	441	446	453	461472	491	500	514	523	533	541	545	551	557	563	570	599	613	636	640	677	687	688	704	734	752758	769	771	772	775	778	780	795	808	813	859	884	890	900	902	910	919	923	934	935	942	944948	956	958	969	972	976	986	991	995	996	95	96
Node 39:    	20	77	3	38	72	45	90	91	40	56	64	83	100	111	123	140	141	155	160	172180	216	238	242	272	311	316	323	331	337	340	342	346	357	389	396	409	446	449	456	477	481482	490	517	540	596	600	603	637	655	667	670	674	680	694	707	720	724	725	741	744	751	795805	823	826	833	835	845	872	873	899	922	932	939	944	952	963	971	990	44	85	94
Node 40:    	4	22	88	71	39	68	21	43	3	6	12	47	53	85	110	127	158	162	183	186191	195	219	225	243	258	319	336	366	367	375	394	396	437	457	471	502	503	518	551	562	575604	607	612	629	665	681	683	696	697	715	722	733	738	739	773	789	793	812	813	824	828	841852	855	862	866	873	875	878	904	951	961	964	975	976	997	27	31	66
Node 41:    	15	5	17	50	53	81	2	33	0	6	104	105	106	112	114	132	140	146	152	156181	206	209	216	219	225	244	246	255	270	282	295	296	297	312	338	343	353	354	373	374	424461	462	481	483	497	513	518	544	565	599	613	614	630	633	646	649	664	679	683	717	720	732735	762	765	767	792	797	798	817	831	841	844	849	859	864	880	887	889	893	895	899	904	913958	965	967	974	16	19	27
Node 42:    	22	58	97	10	37	94	61	86	4	15	30	80	81	106	143	144	149	162	171	177189	229	231	246	260	329	330	338	369	378	401	405	427	429	430	450	468	526	528	546	548	595599	610	617	620	621	633	675	680	705	706	708	715	757	768	779	804	807	818	838	844	856	870872	881	886	887	903	924	926	927	949	951	952	970	971	33	55	96
Node 43:    	7	23	78	53	90	32	95	22	27	40	46	51	57	100	107	115	121	140	158	170205	223	228	242	245	265	271	280	292	293	308	322	344	358	390	396	411	423	435	448	454	473475	476	482	489	497	505	522	529	545	553	557	561	566	567	583	586	593	596	598	623	626	646657	663	667	710	737	739	740	742	747	767	783	794	807	813	818	821	837	853	862	882	883	886890	903	954	968	986	995	58	75	83
Node 44:    	39	15	62	20	6	23	96	81	4	9	78	100	103	119	124	128	131	133	165	182195	202	203	212	221	231	240	249	260	268	271	279	305	321	336	339	353	359	361	363	384	399459	486	487	491	507	516	527	567	584	605	610	611	632	633	645	648	657	660	666	712	738	739759	766	784	788	803	811	829	845	863	871	889	911	914	917	949	964	967	982	989	53	72	88
Node 45:    	83	57	33	84	4	34	50	9	7	17	29	39	48	73	82	114	116	127	131	152163	176	179	197	206	210	212	235	262	290	293	334	368	419	455	485	486	491	493	498	499	505510	511	520	535	537	546	551	556	570	579	580	593	603	604	618	619	623	629	641	644	669	677694	695	706	713	757	788	790	819	826	855	868	869	877	879	884	898	906	937	960	964	987	98965	79
Node 46:    	19	6	1	20	94	43	54	71	2	12	22	23	47	55	98	111	112	115	129	167174	204	217	225	251	256	267	270	272	283	297	298	331	337	341	367	372	374	384	388	408	436438	442	443	463	477	496	531	560	587	588	590	621	629	657	686	695	701	720	738	744	748	763774	797	800	817	820	825	849	852	861	873	882	892	898	901	904	918	925	932	938	975	977	99838	48	58	69	79	95
Node 47:    	65	14	18	48	40	76	46	87	1	3	6	66	111	122	128	143	146	147	161	164176	193	194	201	209	228	231	253	262	292	327	348	352	363	377	392	396	403	407	408	418	427437	443	477	478	511	527	530	542	547	566	621	644	648	654	656	668	679	704	708	712	755	765780	802	814	816	818	819	859	869	880	882	891	894	901	911	914	926	930	945	958	963	977	1723
Node 48:    	51	46	12	28	5	9	27	45	10	25	35	37	47	84	102	108	112	115	118	131170	178	184	197	200	205	209	214	242	258	283	302	314	316	317	326	358	376	408	430	432	434439	448	478	486	489	543	548	554	558	560	574	578	588	595	607	608	612	619	622	626	635	640654	676	679	692	708	721	727	732	736	739	750	775	788	801	809	818	827	853	879	882	887	893917	918	935	939	943	961	971	980	984	997	63	76
Node 49:    	51	68	56	11	13	71	16	91	24	26	102	103	123	135	148	153	180	200	218	235278	293	296	306	371	374	416	419	424	428	435	440	449	463	476	479	497	522	542	547	556	560562	573	576	577	579	586	590	594	602	611	617	618	621	645	658	659	667	670	692	698	706	711712	724	726	734	743	750	782	785	786	791	792	806	809	812	815	820	833	835	844	867	869	871893	900	903	916	928	948	950	955	959	967	982	990	34	58	70	81	90
Node 50:    	58	91	76	83	17	18	64	3	5	13	35	37	41	45	54	103	107	117	132	137156	182	187	190	199	217	245	254	269	275	285	296	311	316	335	336	386	431	434	449	466	475492	509	516	553	560	575	579	580	586	598	614	620	643	712	718	747	748	754	755	770	771	779780	781	795	796	799	800	804	821	828	850	856	873	894	905	910	924	950	964	976	55
Node 51:    	4	72	33	43	58	12	37	34	65	118	144	152	183	184	193	208	221	232	251	255272	282	286	296	311	319	324	328	344	350	370	379	387	412	424	435	445	446	458	479	487	508586	590	593	600	607	624	627	662	671	741	744	745	774	791	806	810	814	830	849	854	858	867872	877	881	900	915	939	3	10	18	48	49	60
Node 52:    	10	74	98	19	4	60	8	83	2	6	18	33	65	106	136	215	216	218	240	281337	339	353	365	373	395	404	405	406	410	428	445	446	447	478	483	504	506	508	510	519	525532	562	570	593	614	626	639	648	649	698	726	728	732	740	744	752	754	755	760	767	798	807809	837	847	848	870	877	883	908	962	976	989	77	84
Node 53:    	24	44	10	33	40	28	2	0	1	29	41	43	62	66	91	154	179	182	185	186189	200	207	235	243	247	264	277	279	292	307	308	309	328	346	367	386	387	401	408	415	423428	438	447	450	453	456	462	467	469	479	481	487	489	492	514	525	549	551	575	597	600	602608	626	638	649	652	669	670	681	683	709	717	723	727	743	749	764	767	773	774	814	821	832848	857	862	872	883	940	960	967	971	983	984	995	996	68	85	89	99
Node 54:    	97	27	35	64	11	19	73	50	3	46	76	80	91	101	124	135	136	158	173	202205	238	252	255	259	260	265	267	273	317	343	346	347	366	395	441	445	449	457	461	464	488494	515	532	536	578	600	605	613	617	623	633	634	651	654	674	676	677	682	707	713	722	729765	769	782	784	805	832	841	846	850	862	880	890	891	892	901	909	913	923	924	941	944	955959	972	975	989	58	62	83
Node 55:    	50	13	3	80	42	46	30	83	1	10	16	31	33	69	141	145	154	190	229	241256	261	306	315	333	334	342	345	351	402	409	416	441	444	451	452	485	487	488	501	512	513514	542	561	566	567	575	581	590	594	617	638	653	677	684	686	687	688	708	712	727	728	729730	731	733	769	770	779	785	807	839	847	854	884	885	905	907	911	923	934	937	959	983	99218	95	97
Node 56:    	8	79	17	22	25	63	33	39	3	21	49	60	85	104	110	115	127	137	140	142145	149	175	177	180	186	188	219	234	237	243	285	290	300	310	331	340	344	349	355	356	359362	378	431	454	474	481	506	508	515	517	518	533	534	540	542	547	568	582	583	589	609	612630	633	640	648	655	686	705	769	790	799	802	827	866	876	920	948	954	960	973	977	981	985993	83
Node 57:    	13	43	21	7	60	65	35	75	108	114	122	127	133	136	194	211	224	230	248	259280	287	300	307	323	324	326	355	366	374	418	419	459	465	470	480	486	493	508	511	516	526533	554	569	578	605	616	651	660	663	666	669	672	676	680	692	697	714	720	723	749	761	777793	809	821	836	850	852	860	868	896	901	906	913	929	937	944	945	946	952	957	960	961	98626	45	59	82	92
Node 58:    	49	54	43	46	86	26	1	82	11	36	38	51	68	104	113	117	153	154	160	179185	191	195	197	203	216	229	247	255	262	267	320	325	327	351	385	391	413	421	433	462	486498	518	573	574	591	594	596	601	610	638	643	656	668	676	699	713	720	742	752	759	780	811812	818	851	852	865	881	888	897	900	901	915	929	932	943	965	973	996	42	50	76
Node 59:    	80	67	57	63	18	30	88	2	11	22	26	31	119	121	166	168	170	172	181	193199	202	203	207	213	227	233	234	235	239	241	269	288	290	304	307	333	355	400	413	414	459462	482	483	494	509	512	534	539	553	557	559	577	578	591	593	611	646	656	663	675	678	688689	691	693	701	711	712	726	731	742	766	771	781	797	803	808	813	822	883	888	889	897	898900	903	914	923	928	966	984	988
Node 60:    	51	71	95	92	1	38	56	90	15	24	52	57	108	120	122	139	155	162	167	171175	178	183	184	190	208	232	240	257	279	282	284	303	328	339	364	376	381	415	432	440	460463	468	489	501	502	527	558	567	577	580	583	584	586	597	607	612	627	634	656	658	673	676682	714	722	733	757	758	762	763	791	815	824	828	832	836	848	856	858	921	947	950	961
Node 61:    	25	69	14	20	2	36	73	72	12	21	42	63	74	77	111	123	135	138	169	188201	254	259	267	280	289	305	308	337	365	370	374	382	389	395	398	405	408	412	426	430	434436	439	450	456	457	470	511	537	540	559	569	583	597	598	628	635	652	662	692	697	703	713724	726	783	786	794	798	801	822	825	834	842	866	874	880	885	897	905	910	912	925	933	948969	970	995	999
Node 62:    	69	87	54	28	53	83	88	75	10	22	44	104	117	184	196	206	208	221	226	254304	319	333	344	345	348	352	377	380	384	386	388	391	396	416	430	433	444	453	460	480	485495	503	526	529	569	577	587	590	594	631	632	643	646	663	664	673	674	681	684	689	696	701706	717	730	738	748	762	764	765	788	816	834	836	841	842	849	853	855	874	885	887	890	906909	922	934	968	969	982	995	81	91	96	98
Node 63:    	48	31	83	61	66	1	96	71	17	56	93	169	182	183	217	231	244	254	282	288297	306	308	325	347	348	350	382	387	393	397	404	421	425	430	437	439	461	462	472	504	521552	561	599	604	606	615	625	627	633	637	644	645	664	668	686	689	696	728	730	736	746	759774	790	805	822	838	849	852	858	885	889	900	933	937	939	963	979	59
Node 64:    	83	80	1	28	70	21	39	68	25	32	50	54	112	119	134	138	141	158	178	182215	266	273	284	285	287	311	345	351	358	366	416	447	460	463	468	498	503	519	521	531	543553	582	589	596	601	635	661	690	694	704	734	736	749	751	758	761	764	767	769	775	783	784789	804	805	839	857	865	896	924	937	938	940	972	985	27	93
Node 65:    	90	45	0	82	51	36	52	9	6	10	14	57	103	108	113	114	119	139	152	156168	175	178	190	231	238	244	248	252	256	259	263	270	274	275	326	356	388	396	399	406	427428	431	434	459	464	468	482	555	568	582	587	672	673	702	719	720	740	743	763	764	770	776796	798	801	813	825	846	875	879	886	890	894	940	943	952	957	962	970	980	994	995	37	4770	78
Node 66:    	99	40	98	47	33	53	74	8	5	15	63	96	104	116	122	123	132	142	146	162168	169	172	184	201	213	222	234	247	253	271	273	278	279	300	317	319	331	339	340	342	397402	407	411	414	415	422	426	451	476	491	494	498	524	624	628	639	666	671	672	674	683	689691	700	711	713	725	728	790	807	811	816	821	850	875	877	878	907	933	937	949	952	967	969970	987	988	997	68	88
Node 67:    	38	70	2	75	17	19	35	89	128	130	131	141	145	150	156	164	165	193	202	204207	218	234	239	275	293	294	318	322	343	357	368	378	402	416	442	479	490	496	497	508	517543	578	579	614	616	636	654	687	692	695	701	710	717	725	734	736	740	760	775	780	781	812813	815	816	830	834	864	874	931	942	944	957	959	966	973	987	997	59	81	87
Node 68:    	35	66	53	3	36	18	58	13	1	27	40	64	69	114	125	128	130	132	172	217233	239	251	256	289	290	295	334	335	349	354	358	365	375	381	386	394	420	443	460	464	479490	504	509	516	523	527	529	541	542	555	562	571	576	602	609	629	630	638	642	653	654	656669	670	703	711	721	726	762	768	773	776	785	787	798	802	825	829	836	850	869	906	910	912919	924	930	969	975	21	49	86	96
Node 69:    	13	46	70	55	68	2	71	6	22	28	100	102	139	149	156	158	169	174	190	191203	226	246	270	272	312	319	321	326	330	331	366	380	388	429	452	467	473	479	507	509	524564	570	608	612	638	640	661	684	705	742	758	761	814	820	835	845	846	866	878	887	892	899901	918	923	934	963	973	976	992	23	33	61	62	95
Node 70:    	74	65	34	5	78	28	49	6	0	9	11	15	38	64	67	69	103	111	125	133134	157	163	179	185	192	202	222	225	230	234	242	250	253	263	268	269	273	286	310	330	342373	379	442	455	473	504	508	511	517	523	530	533	595	611	620	638	644	655	665	668	717	719735	738	743	754	755	756	761	776	781	783	785	823	824	825	832	834	843	858	884	915	939	940943	946	947	981	993	90
Node 71:    	80	6	77	97	74	24	17	7	2	33	40	46	49	63	69	79	125	145	148	157159	188	195	206	211	219	222	224	241	248	256	266	296	299	301	310	313	347	350	352	356	357378	379	389	409	412	418	441	457	462	464	471	496	507	509	523	525	529	535	550	552	577	598609	611	614	659	673	683	685	706	718	753	793	798	824	849	862	868	877	879	881	888	902	905908	920	938	973	978	990	995	60
Node 72:    	27	82	31	89	33	88	44	76	4	18	19	26	39	51	61	80	103	116	119	126133	140	148	164	186	191	209	219	222	238	243	250	252	261	271	290	339	352	383	390	391	406410	429	448	451	474	486	495	505	523	526	537	559	571	591	619	620	624	642	655	662	675	726727	753	758	761	763	781	782	805	806	823	830	849	851	875	898	917	926	928	950	951	955	966985	34	86	87
Node 73:    	1	33	85	83	45	38	25	92	7	14	54	61	143	158	168	183	198	199	220	223233	240	244	255	267	276	299	300	302	314	316	337	360	366	368	398	411	415	419	435	441	442459	485	507	512	517	535	538	544	546	550	555	612	614	635	656	661	671	672	697	698	704	716740	746	755	786	800	863	872	879	915	941	943	946	986	988	993	74	86	89	94
Node 74:    	15	31	73	94	35	5	89	61	10	16	66	87	117	144	151	153	174	186	196	198211	245	250	269	281	293	296	301	315	317	320	322	323	356	375	380	385	390	400	401	427	434440	455	465	468	494	501	523	545	548	550	554	568	572	581	588	597	607	613	622	628	637	647659	663	668	681	701	734	744	754	767	789	800	808	850	857	858	860	864	874	884	915	932	942948	52	70	71	76
Node 75:    	11	43	80	31	26	36	34	38	14	57	62	67	77	79	86	105	113	125	131	135145	155	161	171	188	196	200	205	224	231	236	247	268	280	288	289	298	301	305	323	338	351355	408	414	421	423	428	462	511	515	519	523	544	564	640	641	651	669	681	700	709	729	734737	754	775	787	788	791	802	819	847	861	876	912	926	935	939	942	946	950	952	979	998	2776
Node 76:    	74	75	98	48	58	1	5	54	17	33	38	47	72	105	106	109	112	141	169	171175	179	180	206	222	239	241	242	253	257	266	272	274	280	287	295	297	299	300	314	327	355359	362	369	372	380	388	444	463	469	484	501	510	511	537	545	547	552	556	570	580	622	642647	659	660	662	685	687	702	714	741	751	762	782	789	796	811	826	837	852	855	866	878	889893	924	966	971	976	990	997	16	50	85
Node 77:    	52	15	61	85	21	91	75	8	18	39	80	106	117	139	161	166	195	237	243	244249	250	253	260	270	279	286	289	302	323	341	354	387	396	397	399	405	407	417	418	421	427431	432	466	473	475	476	477	490	502	507	515	518	531	542	549	583	617	631	660	667	670	671690	697	742	745	756	871	884	901	919	937	941	949	978	992	71	81	87	89	90	92
Node 78:    	65	0	82	88	12	33	44	9	25	43	81	106	120	144	153	157	179	207	221	241247	255	276	300	306	356	381	400	404	409	423	437	458	460	464	480	488	489	502	526	527	533546	564	572	583	589	626	632	637	666	672	694	719	721	722	744	753	812	818	819	828	857	864889	907	908	922	944	947	949	957	966	998	70	95
Node 79:    	46	25	45	6	81	75	16	71	0	9	12	19	29	86	108	116	118	120	126	128142	151	154	160	177	183	196	198	203	205	217	257	295	304	329	343	348	387	392	394	415	429430	434	437	445	465	469	483	494	501	506	512	514	521	524	534	535	539	540	543	556	564	592643	647	650	663	698	707	715	718	731	741	742	747	756	762	766	771	775	795	799	808	815	816832	841	854	875	882	890	908	914	917	925	951	971	981	996	56	99
Node 80:    	30	16	42	77	9	72	54	96	27	124	134	137	152	177	189	194	205	249	272	310338	341	358	363	378	382	391	404	416	470	490	496	497	511	516	521	530	601	604	605	611	646651	674	686	691	695	717	718	751	755	762	772	782	806	810	842	867	878	882	888	902	903	905910	929	935	984	55	59	64	71	75
Node 81:    	49	62	77	67	37	42	78	31	21	34	41	44	110	126	141	162	181	187	196	221227	243	263	267	281	294	309	317	325	361	362	379	385	406	426	438	443	457	513	525	572	573578	586	609	622	624	668	675	696	699	715	724	735	746	750	758	790	800	804	806	809	822	836840	846	848	854	876	880	910	940	972	977	988	79	92	99
Node 82:    	98	90	86	97	57	45	95	35	5	7	24	58	78	101	117	134	141	164	166	182192	195	215	223	245	288	309	318	322	330	364	370	403	409	413	421	422	428	436	452	458	473478	491	494	498	518	536	551	563	565	579	594	598	616	624	634	639	649	657	660	677	683	700713	724	725	729	745	765	773	842	868	880	895	909	942	945	953	955	967	976	989	995	65	7284	85
Node 83:    	56	54	8	5	43	11	39	10	1	23	52	55	62	63	100	104	109	113	144	228232	245	258	263	273	282	289	294	314	317	320	327	329	349	360	378	380	385	398	400	417	437445	453	467	486	488	493	504	505	517	519	520	524	538	539	544	550	567	568	574	582	602	603612	635	678	681	683	684	700	718	721	723	724	731	733	758	759	799	826	843	846	851	866	868877	891	895	914	930	938	949	960	968	984	997	13	45	50	64	73	94
Node 84:    	94	82	90	52	28	0	48	19	16	17	20	31	117	121	139	160	171	179	187	194200	203	210	223	227	229	236	237	282	286	301	304	348	349	350	352	359	377	384	407	413	417422	431	433	437	453	455	465	466	475	482	485	487	494	495	500	501	504	537	557	586	596	610611	616	652	653	665	676	680	688	704	709	747	762	788	796	810	812	823	826	829	831	841	843847	881	927	940	941	944	975	978	979	987	998	45	96
Node 85:    	39	53	76	82	56	40	33	92	5	19	32	77	134	155	162	163	165	239	241	246264	274	277	283	285	289	302	311	312	314	324	336	342	347	365	370	372	380	388	389	412	426435	458	465	471	519	522	536	566	570	598	599	606	608	612	636	637	638	646	647	659	665	666693	705	759	775	783	797	807	810	814	826	827	846	848	856	857	865	868	938	950	964	973	977993	998	73	94
Node 86:    	73	68	72	13	90	79	75	21	14	28	42	58	101	118	133	135	146	155	174	185220	232	233	276	280	286	297	339	381	384	392	397	400	447	465	480	492	500	530	547	569	580588	606	623	643	649	705	728	735	738	749	759	760	773	778	793	796	807	840	861	872	883	887903	910	926	980	982	983	82
Node 87:    	22	67	12	72	77	74	96	2	7	13	28	33	47	89	102	115	129	139	142	143153	159	167	175	181	192	228	234	236	247	251	261	264	274	279	281	295	303	304	307	329	333345	353	368	405	419	426	444	474	475	476	482	484	493	510	528	565	586	603	619	622	653	664679	687	689	717	718	727	730	732	745	760	778	783	791	795	797	811	837	839	846	863	869	881904	905	920	933	936	942	974	984	37	62
Node 88:    	44	97	66	36	23	3	92	37	30	35	59	62	78	121	132	162	166	172	173	190192	193	198	201	213	226	236	251	252	260	262	264	302	304	322	340	362	400	412	418	436	465483	484	487	500	517	521	541	554	559	576	590	607	668	670	679	682	688	706	708	716	729	746768	776	791	792	894	899	916	917	940	947	957	962	982	990	40	72
Node 89:    	35	3	77	53	12	73	87	34	8	15	23	32	67	74	134	150	158	159	178	188215	242	258	262	277	280	321	342	347	367	372	374	386	387	394	404	410	442	448	466	481	525528	531	533	550	556	557	560	564	574	584	585	591	636	640	666	676	721	730	731	738	772	778780	787	792	802	822	829	833	863	871	887	898	907	916	921	922	932	935	941	943	956	72	9294
Node 90:    	77	34	70	49	97	13	17	19	0	39	43	60	86	101	121	125	139	160	197	231246	249	254	273	278	298	307	311	318	332	350	356	364	376	382	399	410	411	425	441	450	455484	488	539	548	566	577	592	602	607	609	610	637	646	667	694	703	716	718	722	743	751	754773	798	803	804	813	816	817	830	831	835	867	896	914	918	921	927	928	933	935	942	958	960961	968	976	992	999	14	65	82	84
Node 91:    	3	30	1	31	17	62	53	54	2	8	35	39	49	77	95	111	127	140	154	157164	165	167	168	202	213	229	236	248	266	275	278	286	291	335	341	342	351	364	369	371	382383	410	415	418	423	456	468	470	483	505	527	530	534	545	549	558	566	569	571	576	590	595601	607	621	623	641	648	652	664	695	701	707	715	716	721	759	771	772	815	834	844	859	867874	881	899	902	907	911	913	919	921	927	930	933	945	954	957	962	963	981	28	50
Node 92:    	3	89	81	77	57	22	99	9	14	19	21	73	85	88	103	109	121	161	169	176203	212	228	233	240	256	265	267	272	282	284	298	306	313	318	324	341	361	369	376	383	411417	421	425	432	455	469	492	495	499	552	553	563	568	575	584	592	595	615	619	642	652	654673	674	678	689	697	707	716	723	771	773	787	818	831	844	873	899	902	917	946	964	972	974984	60
Node 93:    	11	64	7	99	63	18	0	15	25	34	110	116	120	124	130	140	142	147	148	177181	195	202	204	207	208	209	217	226	243	249	257	312	348	349	363	367	376	426	427	433	446451	461	463	483	528	540	558	562	584	593	594	609	625	628	649	681	708	719	721	729	737	797804	805	817	824	833	862	871	873	883	894	896	916	919	922	925	929	945	949	951	956	981
Node 94:    	28	85	89	73	8	36	83	39	1	5	9	11	22	38	42	46	74	97	98	106117	137	143	153	163	167	185	209	227	234	235	241	249	271	274	320	323	343	352	358	369	381386	402	413	421	431	454	488	520	521	533	548	554	555	562	565	567	572	578	600	615	630	634635	641	644	665	704	733	741	750	760	763	784	788	792	793	822	841	886	888	891	894	947	953955	966	975	37	84
Node 95:    	38	55	69	46	78	24	91	34	7	9	35	36	43	82	97	120	129	130	137	159166	172	185	210	223	228	237	259	265	319	325	336	343	344	349	368	371	379	389	398	410	417419	437	439	448	454	459	475	490	497	500	530	535	541	557	581	598	624	673	682	691	712	736769	792	826	833	842	848	864	891	894	895	918	956	960	971	981	991	994	32	60
Node 96:    	84	42	68	62	38	66	7	15	26	44	63	80	87	100	101	107	121	147	174	211214	215	216	225	233	239	240	255	274	277	297	301	315	316	318	328	345	357	361	391	392	393395	405	413	438	440	447	456	464	466	474	479	485	496	526	539	543	545	546	558	566	569	577591	605	606	615	619	633	685	690	710	723	731	747	766	779	784	803	815	819	840	847	872	885906	909	944	973	980	984	994	997
Node 97:    	55	12	6	25	94	23	20	95	4	22	26	29	109	133	136	142	145	163	173	198212	224	235	291	296	299	332	356	357	362	363	365	384	391	393	402	403	424	438	445	448	459463	467	473	483	496	505	508	552	555	564	565	608	624	630	642	684	686	690	692	699	708	725735	756	761	766	774	777	784	786	794	797	799	820	858	865	870	878	896	911	923	931	947	957963	968	977	36	42	54	71	82	88	90
Node 98:    	1	18	28	62	46	38	12	94	0	11	14	29	114	160	170	218	219	230	246	281284	294	299	306	311	312	318	328	331	345	350	359	361	373	396	422	448	454	467	469	489	492493	506	520	529	548	551	563	565	585	621	622	629	630	648	650	670	672	709	733	737	756	766772	786	787	801	804	805	806	831	834	835	845	853	860	923	958	961	969	972	16	52	66	7682
Node 99:    	81	26	53	19	37	79	11	25	5	7	17	32	34	92	93	119	126	144	154	162181	184	192	193	205	220	225	226	268	277	284	297	307	314	332	336	371	372	374	376	380	383393	398	401	406	420	434	442	450	475	489	516	539	554	556	579	580	618	632	634	658	659	679682	716	737	741	757	777	782	792	801	820	831	837	838	854	859	863	891	915	954	956	965	99466
Node 100:    	39	11	44	96	83	43	15	69
Node 101:    	38	54	82	30	86	90	96	27
Node 102:    	36	15	33	24	69	87	49	48
Node 103:    	92	70	44	50	49	35	65	72
Node 104:    	23	58	83	32	62	56	41	66
Node 105:    	26	18	76	31	75	5	41	21
Node 106:    	78	94	77	7	76	41	42	52
Node 107:    	28	96	43	34	14	50	16	22
Node 108:    	65	6	60	48	79	3	7	57
Node 109:    	29	76	34	1	35	92	97	83
Node 110:    	37	56	81	35	40	7	4	93
Node 111:    	46	27	61	39	70	33	91	47
Node 112:    	48	41	25	13	76	46	6	64
Node 113:    	65	58	12	19	28	83	33	75
Node 114:    	45	41	65	98	3	57	17	68
Node 115:    	3	46	43	87	48	15	26	56
Node 116:    	45	14	72	18	66	79	93	1
Node 117:    	82	94	84	62	77	74	50	58
Node 118:    	5	25	48	79	17	86	51	1
Node 119:    	65	12	99	72	59	44	25	64
Node 120:    	95	60	33	93	2	35	79	78
Node 121:    	88	96	92	84	43	9	90	59
Node 122:    	60	11	66	34	9	57	47	30
Node 123:    	66	39	49	35	61	32	22	10
Node 124:    	44	80	7	54	21	11	93	36
Node 125:    	70	90	68	71	8	28	75	16
Node 126:    	79	72	81	17	12	18	99	25
Node 127:    	25	45	31	57	91	40	56	4
Node 128:    	3	44	23	47	27	79	67	68
Node 129:    	13	87	1	17	95	24	46	4
Node 130:    	67	36	93	24	95	37	68	16
Node 131:    	75	67	45	44	48	24	19	2
Node 132:    	88	25	6	41	68	50	66	24
Node 133:    	86	97	44	70	31	57	72	30
Node 134:    	85	8	70	80	89	82	34	64
Node 135:    	75	12	16	54	61	49	86	30
Node 136:    	31	54	24	0	97	52	18	57
Node 137:    	37	95	56	15	33	80	50	94
Node 138:    	38	61	31	12	1	26	29	64
Node 139:    	60	84	69	8	87	65	90	77
Node 140:    	91	56	72	24	41	43	39	93
Node 141:    	82	55	67	81	76	38	64	39
Node 142:    	87	22	56	97	93	66	19	79
Node 143:    	33	87	7	94	42	47	9	73
Node 144:    	99	42	18	83	27	74	78	51
Node 145:    	97	55	67	26	75	32	71	56
Node 146:    	32	66	86	22	41	47	0	33
Node 147:    	25	96	11	47	93	26	8	34
Node 148:    	49	24	71	93	72	28	23	37
Node 149:    	8	69	32	23	20	25	56	42
Node 150:    	89	38	67	3	6	1	16	32
Node 151:    	17	0	31	79	74	34	16	27
Node 152:    	45	1	65	51	0	41	80	6
Node 153:    	94	58	87	10	49	17	78	74
Node 154:    	58	99	91	79	10	53	11	55
Node 155:    	75	8	85	17	39	33	86	60
Node 156:    	41	14	29	67	69	27	50	65
Node 157:    	78	16	1	71	70	91	32	7
Node 158:    	73	54	40	13	43	89	69	64
Node 159:    	89	71	21	24	95	12	87	26
Node 160:    	39	84	25	79	90	58	98	23
Node 161:    	47	92	10	77	28	32	75	9
Node 162:    	81	66	85	42	40	60	88	99
Node 163:    	35	45	94	85	70	5	14	97
Node 164:    	47	91	6	72	82	67	36	5
Node 165:    	85	91	19	33	44	27	23	67
Node 166:    	38	82	95	88	1	77	3	59
Node 167:    	94	91	6	34	46	60	87	9
Node 168:    	91	26	65	16	59	66	73	1
Node 169:    	69	23	61	66	63	76	22	92
Node 170:    	98	43	48	59	34	10	24	38
Node 171:    	29	12	75	76	18	84	42	60
Node 172:    	39	59	66	95	68	88	30	0
Node 173:    	2	24	26	97	54	3	36	88
Node 174:    	96	11	46	12	69	13	74	86
Node 175:    	56	60	76	16	29	24	87	65
Node 176:    	2	92	11	47	4	22	7	45
Node 177:    	56	79	34	30	93	80	42	17
Node 178:    	29	8	89	64	60	25	65	48
Node 179:    	78	53	70	13	45	58	84	76
Node 180:    	49	56	27	7	39	25	14	76
Node 181:    	99	41	87	81	93	31	2	59
Node 182:    	2	50	82	44	14	63	53	64
Node 183:    	28	40	60	51	32	73	63	79
Node 184:    	31	62	66	48	60	7	99	51
Node 185:    	9	58	86	94	53	70	95	11
Node 186:    	38	5	56	23	74	53	72	40
Node 187:    	3	1	4	50	84	12	37	81
Node 188:    	56	0	34	75	89	3	61	71
Node 189:    	80	36	34	27	12	42	17	53
Node 190:    	14	55	69	50	65	88	11	60
Node 191:    	24	72	40	21	58	69	18	5
Node 192:    	88	87	18	70	82	10	99	29
Node 193:    	25	99	59	88	47	67	51	12
Node 194:    	47	84	33	37	15	80	57	1
Node 195:    	93	40	44	58	82	71	77	6
Node 196:    	19	74	0	79	75	81	28	62
Node 197:    	90	45	20	58	36	19	33	48
Node 198:    	74	32	27	97	73	79	12	88
Node 199:    	73	15	25	59	21	32	14	50
Node 200:    	75	8	4	22	49	84	48	53
Node 201:    	61	88	35	9	34	47	66	37
Node 202:    	91	54	59	18	70	93	67	44
Node 203:    	69	92	59	84	44	58	79	18
Node 204:    	93	46	0	27	9	25	67	8
Node 205:    	75	48	43	79	35	54	80	99
Node 206:    	31	71	76	0	32	45	41	62
Node 207:    	78	53	37	59	93	16	67	34
Node 208:    	0	93	13	51	60	14	5	62
Node 209:    	94	47	93	41	15	48	0	72
Node 210:    	95	3	84	10	29	17	23	45
Node 211:    	32	10	31	71	96	74	57	34
Node 212:    	45	44	97	24	92	25	23	34
Node 213:    	17	29	34	88	12	91	66	59
Node 214:    	34	9	48	8	0	14	13	96
Node 215:    	89	82	52	64	6	18	32	96
Node 216:    	0	52	36	34	41	39	58	96
Node 217:    	46	37	93	50	68	12	63	79
Node 218:    	49	1	7	52	67	98	4	6
Node 219:    	72	98	41	24	56	7	71	40
Node 220:    	5	86	18	73	34	13	37	99
Node 221:    	3	78	62	44	31	25	51	81
Node 222:    	28	72	23	36	71	70	76	66
Node 223:    	24	43	82	73	19	84	31	95
Node 224:    	0	8	2	75	97	10	57	71
Node 225:    	46	8	99	70	41	96	40	27
Node 226:    	99	88	62	3	93	34	31	69
Node 227:    	38	94	11	5	84	2	81	59
Node 228:    	24	92	87	83	95	47	4	43
Node 229:    	58	42	15	13	55	84	91	9
Node 230:    	37	16	9	3	57	98	4	70
Node 231:    	90	65	44	47	75	42	0	63
Node 232:    	60	7	30	51	83	86	12	0
Node 233:    	30	96	10	59	86	68	92	73
Node 234:    	56	67	59	3	70	87	94	66
Node 235:    	24	49	45	59	97	3	94	53
Node 236:    	35	87	88	91	13	75	84	31
Node 237:    	16	84	77	22	18	95	25	56
Node 238:    	18	27	39	65	19	72	54	16
Node 239:    	59	20	68	76	96	67	30	85
Node 240:    	92	31	60	36	44	73	96	52
Node 241:    	71	76	94	55	59	10	78	85
Node 242:    	76	89	70	39	18	43	48	1
Node 243:    	77	40	93	25	81	72	56	53
Node 244:    	35	63	21	5	77	73	65	41
Node 245:    	9	82	14	50	29	43	74	83
Node 246:    	42	98	85	69	90	32	41	1
Node 247:    	78	24	28	53	58	87	75	66
Node 248:    	91	65	71	16	30	35	1	57
Node 249:    	30	90	44	77	80	93	94	14
Node 250:    	77	1	70	11	7	72	74	37
Node 251:    	25	29	11	68	51	87	88	46
Node 252:    	54	24	72	88	33	7	17	65
Node 253:    	3	77	76	66	47	34	70	18
Node 254:    	22	90	63	24	61	62	1	50
Node 255:    	58	96	54	41	19	73	78	51
Node 256:    	46	65	68	27	11	92	55	71
Node 257:    	79	60	23	76	4	93	0	38
Node 258:    	13	89	83	38	48	40	22	24
Node 259:    	57	25	65	9	2	54	61	95
Node 260:    	88	6	16	42	54	77	44	37
Node 261:    	6	55	87	14	32	11	35	72
Node 262:    	47	58	2	34	10	89	45	88
Node 263:    	65	81	70	83	37	26	12	9
Node 264:    	88	85	16	22	1	53	87	28
Node 265:    	24	54	36	37	43	95	92	3
Node 266:    	13	26	32	76	0	71	64	91
Node 267:    	12	54	46	73	81	92	61	58
Node 268:    	37	70	75	44	15	35	7	99
Node 269:    	2	36	50	20	59	74	14	70
Node 270:    	46	69	41	65	77	28	6	12
Node 271:    	10	31	43	7	72	44	94	66
Node 272:    	51	39	46	92	13	80	69	76
Node 273:    	83	70	3	64	54	1	90	66
Node 274:    	29	12	94	85	65	76	87	96
Node 275:    	91	26	34	65	50	24	19	67
Node 276:    	86	30	73	32	29	31	13	78
Node 277:    	96	99	1	20	11	53	85	89
Node 278:    	90	49	10	66	30	91	36	18
Node 279:    	31	30	44	53	87	77	66	60
Node 280:    	75	76	43	86	89	61	13	57
Node 281:    	74	52	98	38	34	1	87	81
Node 282:    	2	60	63	84	51	92	83	41
Node 283:    	85	3	48	46	13	35	33	4
Node 284:    	98	26	99	64	25	60	31	92
Node 285:    	20	56	85	17	64	50	24	37
Node 286:    	7	77	86	51	21	84	91	70
Node 287:    	57	3	76	13	18	21	64	19
Node 288:    	4	25	8	15	75	82	63	59
Node 289:    	83	23	77	61	2	68	75	85
Node 290:    	17	31	33	45	72	56	59	68
Node 291:    	91	19	38	32	10	35	4	97
Node 292:    	47	25	43	10	20	18	1	53
Node 293:    	43	67	24	74	32	49	45	19
Node 294:    	3	5	98	8	81	67	23	83
Node 295:    	41	76	79	87	23	35	68	33
Node 296:    	71	12	50	74	41	51	49	97
Node 297:    	86	11	41	63	76	46	96	99
Node 298:    	75	9	3	90	6	46	92	8
Node 299:    	73	4	27	76	11	98	97	71
Node 300:    	56	73	78	57	2	66	7	76
Node 301:    	20	75	96	12	37	84	71	74
Node 302:    	85	48	6	77	31	27	73	88
Node 303:    	22	60	87	15	32	13	11	5
Node 304:    	59	10	88	87	84	79	62	5
Node 305:    	1	61	44	75	20	23	0	24
Node 306:    	55	49	26	98	63	78	92	23
Node 307:    	59	32	99	53	57	87	14	90
Node 308:    	28	12	53	3	1	43	63	61
Node 309:    	6	82	13	31	81	0	35	53
Node 310:    	80	11	71	38	56	70	12	5
Node 311:    	64	98	22	50	39	90	51	85
Node 312:    	4	69	29	98	41	17	93	85
Node 313:    	92	6	71	35	0	37	21	16
Node 314:    	85	6	12	99	73	48	76	83
Node 315:    	55	33	74	18	17	24	96	15
Node 316:    	39	48	73	31	17	96	50	19
Node 317:    	83	16	66	54	81	74	48	10
Node 318:    	92	98	19	96	31	82	90	67
Node 319:    	66	51	40	1	69	62	15	95
Node 320:    	27	0	94	74	83	31	35	58
Node 321:    	69	7	34	38	24	44	19	89
Node 322:    	35	43	88	34	74	67	26	82
Node 323:    	77	11	74	94	75	39	36	57
Node 324:    	57	33	51	38	92	23	85	9
Node 325:    	37	35	63	16	17	81	58	95
Node 326:    	48	1	34	57	65	25	21	69
Node 327:    	0	58	83	76	21	22	47	10
Node 328:    	0	18	98	53	60	51	96	27
Node 329:    	4	31	3	83	42	16	87	79
Node 330:    	4	82	70	42	34	69	8	25
Node 331:    	66	98	36	39	46	25	56	69
Node 332:    	30	90	97	99	38	26	1	32
Node 333:    	15	87	55	62	19	24	59	36
Node 334:    	11	37	14	55	68	9	21	45
Node 335:    	34	12	68	33	27	50	35	91
Node 336:    	99	32	15	40	44	85	50	95
Node 337:    	73	61	1	28	46	14	52	39
Node 338:    	80	42	31	37	30	41	23	75
Node 339:    	60	86	72	13	52	8	44	66
Node 340:    	31	66	88	39	14	56	24	22
Node 341:    	8	46	91	33	20	77	80	92
Node 342:    	89	35	85	70	55	91	39	66
Node 343:    	3	54	79	67	94	41	95	29
Node 344:    	2	43	26	22	51	95	56	62
Node 345:    	1	64	96	62	98	87	16	55
Node 346:    	54	2	53	13	7	24	19	39
Node 347:    	71	17	89	63	54	85	22	0
Node 348:    	79	17	47	63	62	93	20	84
Node 349:    	56	22	95	84	83	93	68	35
Node 350:    	3	90	17	51	84	63	98	71
Node 351:    	0	26	27	64	55	58	75	91
Node 352:    	6	94	84	71	62	14	72	47
Node 353:    	5	44	15	34	36	41	87	52
Node 354:    	68	20	31	77	17	41	7	13
Node 355:    	26	56	76	2	57	75	30	59
Node 356:    	4	78	56	65	74	97	71	90
Node 357:    	71	26	96	11	13	39	67	97
Node 358:    	94	80	68	64	21	48	43	38
Node 359:    	26	76	12	84	98	4	56	44
Node 360:    	27	5	31	29	0	1	73	83
Node 361:    	34	81	18	44	10	92	96	98
Node 362:    	97	76	88	1	30	56	81	14
Node 363:    	97	28	7	23	93	47	80	44
Node 364:    	82	90	5	34	91	26	29	60
Node 365:    	18	34	61	85	68	26	52	97
Node 366:    	73	54	17	40	57	19	64	69
Node 367:    	53	89	46	93	40	18	34	16
Node 368:    	22	95	87	73	13	45	67	27
Node 369:    	92	4	94	35	76	42	22	91
Node 370:    	2	51	10	15	82	85	61	13
Node 371:    	99	6	49	32	26	95	91	28
Node 372:    	89	76	99	15	85	24	19	46
Node 373:    	11	14	28	98	70	24	52	41
Node 374:    	89	11	49	61	57	46	99	41
Node 375:    	5	23	74	7	24	68	6	40
Node 376:    	92	1	18	99	60	90	48	93
Node 377:    	47	84	29	5	20	62	25	22
Node 378:    	71	83	67	31	42	56	30	80
Node 379:    	81	71	38	70	33	95	51	25
Node 380:    	76	10	74	62	85	99	69	83
Node 381:    	23	60	86	15	78	5	68	94
Node 382:    	0	61	15	14	63	90	91	80
Node 383:    	24	99	72	2	15	91	32	92
Node 384:    	14	44	62	46	97	86	84	23
Node 385:    	74	38	4	83	58	81	22	20
Node 386:    	34	13	50	68	62	89	53	94
Node 387:    	51	63	13	79	77	89	28	53
Node 388:    	10	69	85	76	46	65	62	2
Node 389:    	71	39	61	30	85	14	4	95
Node 390:    	1	43	8	72	37	74	7	23
Node 391:    	58	13	96	25	62	80	72	97
Node 392:    	3	12	96	47	16	86	26	79
Node 393:    	96	99	5	36	24	34	97	63
Node 394:    	4	89	21	31	40	68	36	79
Node 395:    	96	12	61	17	2	29	52	54
Node 396:    	62	43	77	47	39	65	98	40
Node 397:    	66	63	37	34	15	86	77	26
Node 398:    	99	11	61	95	5	6	83	73
Node 399:    	27	44	65	77	4	17	13	90
Node 400:    	7	86	88	78	59	74	83	30
Node 401:    	99	37	8	16	11	42	53	74
Node 402:    	32	97	67	55	13	4	94	66
Node 403:    	33	30	37	97	47	9	1	82
Node 404:    	80	78	19	27	52	11	89	63
Node 405:    	52	77	87	31	21	96	42	61
Node 406:    	35	99	4	81	65	72	32	52
Node 407:    	29	18	17	77	3	84	47	66
Node 408:    	75	47	61	26	53	48	46	22
Node 409:    	39	25	23	55	21	71	78	82
Node 410:    	89	18	7	90	52	72	91	95
Node 411:    	66	90	37	43	9	18	73	92
Node 412:    	85	88	18	51	61	71	38	35
Node 413:    	82	94	84	35	3	58	59	96
Node 414:    	18	59	4	26	17	34	66	75
Node 415:    	60	53	91	22	66	73	79	29
Node 416:    	15	80	49	55	32	64	67	62
Node 417:    	95	19	84	77	92	2	83	8
Node 418:    	77	57	91	47	27	21	88	71
Node 419:    	87	57	49	73	45	95	30	23
Node 420:    	34	31	38	99	23	19	21	68
Node 421:    	82	0	58	94	77	63	75	92
Node 422:    	66	98	11	84	23	82	27	32
Node 423:    	26	75	78	53	7	91	43	6
Node 424:    	97	7	34	32	41	0	51	49
Node 425:    	18	90	92	36	63	8	1	11
Node 426:    	85	61	87	93	66	81	27	15
Node 427:    	42	77	65	93	74	15	14	47
Node 428:    	16	49	82	53	52	75	19	65
Node 429:    	69	42	21	1	72	79	9	36
Node 430:    	63	61	79	62	42	35	23	48
Node 431:    	84	77	50	65	11	56	36	94
Node 432:    	92	48	5	30	60	37	29	77
Node 433:    	37	6	14	62	58	93	20	84
Node 434:    	74	65	61	79	50	99	48	1
Node 435:    	43	1	51	23	14	85	73	49
Node 436:    	33	82	18	61	46	26	13	88
Node 437:    	83	79	84	47	78	95	40	63
Node 438:    	38	19	97	53	46	96	27	81
Node 439:    	61	3	0	48	63	5	95	12
Node 440:    	24	60	7	32	96	74	49	26
Node 441:    	55	73	19	21	38	71	90	54
Node 442:    	31	89	73	67	99	1	70	46
Node 443:    	3	25	81	2	47	68	46	20
Node 444:    	76	16	12	34	62	87	22	55
Node 445:    	51	1	52	79	54	97	6	83
Node 446:    	38	19	39	51	52	93	31	21
Node 447:    	21	96	86	7	8	64	52	53
Node 448:    	98	97	95	43	48	89	8	72
Node 449:    	39	49	54	8	28	50	2	26
Node 450:    	9	29	61	4	90	42	53	99
Node 451:    	26	55	66	31	72	18	93	13
Node 452:    	2	55	19	0	29	69	3	82
Node 453:    	38	27	53	84	28	62	83	22
Node 454:    	26	43	21	98	56	94	17	95
Node 455:    	84	24	70	29	90	92	74	45
Node 456:    	96	33	91	61	11	37	53	39
Node 457:    	9	3	71	40	7	81	61	54
Node 458:    	78	82	51	85	25	8	11	17
Node 459:    	3	57	44	97	65	59	73	95
Node 460:    	62	78	60	1	24	64	68	33
Node 461:    	4	34	63	41	16	54	38	93
Node 462:    	58	53	24	63	75	41	59	71
Node 463:    	93	49	33	60	46	76	64	97
Node 464:    	71	68	96	78	54	18	65	1
Node 465:    	57	84	74	85	79	88	22	86
Node 466:    	50	7	89	1	96	84	77	33
Node 467:    	69	7	98	16	14	97	83	53
Node 468:    	60	65	91	74	42	23	25	64
Node 469:    	53	7	76	79	98	92	5	13
Node 470:    	3	34	57	20	80	7	61	91
Node 471:    	85	21	40	7	5	71	0	6
Node 472:    	38	19	23	32	6	11	15	63
Node 473:    	69	97	82	77	43	17	70	15
Node 474:    	72	20	87	13	16	1	56	96
Node 475:    	99	32	50	84	95	77	43	87
Node 476:    	34	87	77	66	49	6	43	17
Node 477:    	35	46	26	39	25	77	5	47
Node 478:    	22	20	24	35	48	52	47	82
Node 479:    	96	68	3	53	51	69	49	67
Node 480:    	78	62	1	57	86	15	17	9
Node 481:    	41	56	39	89	9	5	53	11
Node 482:    	39	8	84	18	59	65	43	87
Node 483:    	97	52	41	79	91	93	59	88
Node 484:    	87	88	20	76	9	6	90	8
Node 485:    	24	55	5	84	62	96	45	73
Node 486:    	45	58	44	57	18	83	72	48
Node 487:    	53	84	88	44	35	36	51	55
Node 488:    	83	94	54	10	55	14	90	78
Node 489:    	78	60	53	48	36	98	43	99
Node 490:    	68	28	80	77	39	35	67	95
Node 491:    	45	44	38	29	66	8	24	82
Node 492:    	86	3	35	50	53	92	98	18
Node 493:    	22	2	45	87	83	98	57	35
Node 494:    	82	66	74	59	84	54	79	37
Node 495:    	8	62	18	9	92	72	13	84
Node 496:    	46	80	32	96	71	97	67	10
Node 497:    	95	49	80	41	18	43	67	15
Node 498:    	58	66	3	45	82	21	9	64
Node 499:    	92	7	28	24	45	20	10	27
Node 500:    	14	84	95	88	86	15	4	38
Node 501:    	84	76	2	23	60	55	74	79
Node 502:    	60	5	40	77	78	29	11	23
Node 503:    	23	19	30	8	62	40	64	3
Node 504:    	37	83	84	63	52	70	7	68
Node 505:    	83	20	97	72	45	13	43	91
Node 506:    	11	31	52	56	19	12	98	79
Node 507:    	73	4	44	1	77	25	71	69
Node 508:    	97	70	52	51	57	56	8	67
Node 509:    	69	71	68	50	59	17	19	24
Node 510:    	22	12	23	45	87	52	76	24
Node 511:    	80	70	47	61	45	75	57	76
Node 512:    	73	7	59	31	6	37	79	55
Node 513:    	14	4	55	17	3	41	81	18
Node 514:    	38	53	12	25	55	37	16	79
Node 515:    	37	77	56	54	18	19	75	11
Node 516:    	50	80	14	57	99	44	32	68
Node 517:    	70	88	23	39	73	67	83	56
Node 518:    	58	5	56	82	41	17	77	40
Node 519:    	85	3	2	52	83	64	23	75
Node 520:    	18	21	45	83	13	94	2	98
Node 521:    	63	80	79	34	88	9	94	64
Node 522:    	85	32	1	10	43	5	49	9
Node 523:    	74	70	75	71	72	38	68	18
Node 524:    	3	83	79	8	66	9	35	69
Node 525:    	10	52	81	53	3	20	71	89
Node 526:    	62	96	57	42	78	72	10	25
Node 527:    	78	44	60	91	22	34	68	47
Node 528:    	16	89	42	93	0	87	10	21
Node 529:    	68	98	24	43	36	71	62	31
Node 530:    	27	91	95	80	28	47	70	86
Node 531:    	10	37	46	89	7	2	77	64
Node 532:    	2	22	52	18	54	10	24	8
Node 533:    	56	78	89	70	57	38	94	14
Node 534:    	56	19	79	20	91	36	25	59
Node 535:    	9	79	7	33	71	45	95	73
Node 536:    	54	36	82	8	22	28	85	18
Node 537:    	0	21	84	23	61	76	45	72
Node 538:    	5	8	9	83	0	73	12	20
Node 539:    	96	83	99	59	13	90	79	6
Node 540:    	39	34	10	93	61	56	5	79
Node 541:    	88	33	15	68	22	14	95	38
Node 542:    	56	13	6	77	55	49	68	47
Node 543:    	20	27	64	14	48	67	79	96
Node 544:    	22	73	4	75	83	13	41	20
Node 545:    	38	74	76	91	34	43	96	19
Node 546:    	42	78	11	30	73	45	23	96
Node 547:    	47	86	76	6	13	56	26	49
Node 548:    	90	17	48	94	98	74	21	42
Node 549:    	53	16	23	77	19	33	3	91
Node 550:    	73	74	13	71	32	83	89	21
Node 551:    	53	45	24	11	98	38	82	40
Node 552:    	76	63	34	21	92	3	71	97
Node 553:    	92	64	59	50	43	6	34	20
Node 554:    	57	99	88	74	7	15	48	94
Node 555:    	65	1	73	94	3	68	97	27
Node 556:    	99	26	4	79	49	89	45	76
Node 557:    	37	33	59	43	89	95	84	38
Node 558:    	93	16	91	37	34	96	48	60
Node 559:    	17	61	5	72	32	88	19	59
Node 560:    	20	89	48	36	50	49	10	46
Node 561:    	1	11	4	63	55	15	30	43
Node 562:    	34	40	52	94	68	93	0	49
Node 563:    	31	8	38	82	98	92	12	37
Node 564:    	37	8	75	69	78	79	97	89
Node 565:    	87	98	94	34	97	41	23	82
Node 566:    	85	24	47	96	90	55	91	43
Node 567:    	44	25	43	55	94	83	16	60
Node 568:    	65	3	34	83	14	74	56	92
Node 569:    	4	86	30	61	91	62	96	57
Node 570:    	69	45	37	1	85	52	76	38
Node 571:    	25	12	20	16	68	24	91	72
Node 572:    	78	37	74	81	28	8	26	94
Node 573:    	58	6	7	11	49	21	81	36
Node 574:    	83	24	20	58	32	48	89	35
Node 575:    	26	31	50	17	53	55	92	40
Node 576:    	12	49	88	91	68	0	13	30
Node 577:    	49	6	59	62	96	71	60	90
Node 578:    	67	94	57	27	59	81	54	48
Node 579:    	82	45	4	99	67	20	49	50
Node 580:    	76	24	99	86	60	50	45	17
Node 581:    	37	74	30	55	25	24	95	11
Node 582:    	10	15	83	8	65	64	14	56
Node 583:    	78	77	43	32	60	61	35	56
Node 584:    	60	8	92	13	44	16	89	93
Node 585:    	89	35	23	8	98	15	33	16
Node 586:    	84	43	60	49	87	50	81	51
Node 587:    	62	10	46	32	65	16	3	21
Node 588:    	14	48	74	46	15	6	86	7
Node 589:    	6	64	78	24	12	37	56	25
Node 590:    	49	62	91	46	88	55	51	28
Node 591:    	96	72	6	89	58	33	27	59
Node 592:    	30	4	12	5	90	11	79	92
Node 593:    	52	51	59	24	45	43	93	20
Node 594:    	82	9	55	49	8	93	58	62
Node 595:    	70	92	20	91	48	23	18	42
Node 596:    	84	64	58	39	43	27	34	31
Node 597:    	6	22	74	13	12	60	61	53
Node 598:    	50	85	95	31	43	61	71	82
Node 599:    	42	22	63	29	38	41	85	18
Node 600:    	51	94	53	39	33	0	54	17
Node 601:    	3	25	22	80	91	64	58	17
Node 602:    	90	49	37	53	30	35	68	83
Node 603:    	31	87	83	13	45	19	39	30
Node 604:    	21	80	63	45	28	16	40	37
Node 605:    	44	0	2	57	80	19	54	96
Node 606:    	16	25	63	96	86	33	6	85
Node 607:    	90	40	88	74	48	51	91	60
Node 608:    	3	97	27	48	1	53	85	69
Node 609:    	68	93	56	71	90	35	16	81
Node 610:    	9	10	44	58	19	84	90	42
Node 611:    	59	71	80	70	27	49	84	44
Node 612:    	48	56	83	60	85	40	73	69
Node 613:    	26	74	31	54	38	41	12	18
Node 614:    	4	52	73	67	50	36	71	41
Node 615:    	63	92	96	94	32	26	22	0
Node 616:    	37	30	57	67	82	0	84	22
Node 617:    	42	77	49	54	55	28	24	21
Node 618:    	0	27	26	49	3	15	45	99
Node 619:    	96	48	28	45	87	92	23	72
Node 620:    	72	42	50	17	34	70	37	10
Node 621:    	47	98	14	42	46	49	91	4
Node 622:    	87	25	98	48	81	74	76	29
Node 623:    	45	91	86	2	23	26	54	43
Node 624:    	97	82	51	81	66	95	9	72
Node 625:    	3	30	93	28	2	63	29	4
Node 626:    	43	6	48	17	52	53	78	26
Node 627:    	1	34	63	51	10	18	60	24
Node 628:    	74	9	66	11	28	10	61	93
Node 629:    	45	28	46	40	98	19	37	68
Node 630:    	11	68	18	41	56	94	97	98
Node 631:    	77	15	37	32	62	27	19	28
Node 632:    	13	36	14	44	62	5	78	99
Node 633:    	41	42	44	54	96	63	56	4
Node 634:    	99	34	94	28	54	82	60	36
Node 635:    	18	94	61	64	10	83	48	73
Node 636:    	67	20	89	3	12	85	38	23
Node 637:    	39	90	4	78	27	63	74	85
Node 638:    	68	53	4	58	55	85	70	69
Node 639:    	21	52	5	36	14	82	66	20
Node 640:    	38	15	48	75	89	10	56	69
Node 641:    	5	12	33	35	91	94	45	75
Node 642:    	92	97	32	72	76	27	68	18
Node 643:    	6	8	62	36	86	58	79	50
Node 644:    	8	94	35	63	45	47	70	18
Node 645:    	17	34	1	49	63	44	37	30
Node 646:    	43	90	85	59	12	41	62	80
Node 647:    	74	32	76	85	9	6	79	1
Node 648:    	52	33	91	56	44	9	47	98
Node 649:    	93	3	86	52	41	53	82	7
Node 650:    	36	14	22	5	13	79	15	98
Node 651:    	4	31	6	54	57	21	75	80
Node 652:    	91	13	33	84	61	0	92	53
Node 653:    	55	13	87	5	20	84	19	68
Node 654:    	47	48	34	67	12	68	92	54
Node 655:    	33	72	39	28	16	56	70	9
Node 656:    	26	59	60	58	68	47	73	32
Node 657:    	37	44	12	82	36	46	43	31
Node 658:    	31	19	60	99	23	49	12	4
Node 659:    	32	74	3	85	49	71	99	76
Node 660:    	57	77	76	11	82	44	32	23
Node 661:    	1	73	26	0	8	69	11	64
Node 662:    	61	8	22	32	76	51	72	1
Node 663:    	57	43	36	34	59	62	79	74
Node 664:    	62	28	41	63	31	91	87	20
Node 665:    	70	33	94	85	9	40	84	36
Node 666:    	44	89	57	85	27	78	11	66
Node 667:    	90	33	26	49	0	39	77	43
Node 668:    	81	31	58	88	47	70	74	63
Node 669:    	24	19	45	57	53	75	68	20
Node 670:    	88	68	77	49	39	33	53	98
Node 671:    	77	36	8	51	73	66	18	29
Node 672:    	73	57	98	66	37	65	35	78
Node 673:    	65	32	95	60	34	71	92	62
Node 674:    	62	39	54	92	9	66	24	80
Node 675:    	36	59	42	0	81	13	12	72
Node 676:    	20	84	89	57	58	54	48	60
Node 677:    	82	10	38	2	45	54	55	33
Node 678:    	7	21	83	34	59	92	28	14
Node 679:    	48	41	35	29	99	88	87	47
Node 680:    	39	17	29	84	31	57	0	42
Node 681:    	53	40	75	25	74	93	62	83
Node 682:    	60	1	95	21	54	88	99	19
Node 683:    	71	66	35	40	82	41	53	83
Node 684:    	22	31	55	97	5	62	83	69
Node 685:    	96	8	16	23	2	76	71	30
Node 686:    	55	80	97	15	46	56	10	63
Node 687:    	87	76	4	55	67	38	15	32
Node 688:    	88	38	59	16	55	84	33	0
Node 689:    	62	66	59	0	3	63	92	87
Node 690:    	23	11	97	33	96	77	64	15
Node 691:    	80	59	66	95	7	27	18	16
Node 692:    	49	48	37	57	61	97	67	2
Node 693:    	85	26	16	21	59	1	3	0
Node 694:    	64	8	1	39	78	34	90	45
Node 695:    	45	1	91	26	46	11	67	80
Node 696:    	18	81	3	63	29	2	62	40
Node 697:    	11	61	77	18	73	40	92	57
Node 698:    	79	35	73	12	2	9	52	49
Node 699:    	97	20	3	34	27	58	81	36
Node 700:    	75	66	82	83	9	12	1	6
Node 701:    	11	67	59	62	4	46	91	74
Node 702:    	37	3	0	1	24	65	76	11
Node 703:    	29	90	23	37	68	17	61	34
Node 704:    	47	94	38	1	3	64	73	84
Node 705:    	85	86	69	19	10	6	56	42
Node 706:    	42	62	71	25	49	37	88	45
Node 707:    	39	91	22	54	9	31	79	92
Node 708:    	97	36	88	93	48	42	55	47
Node 709:    	24	20	53	84	75	16	98	5
Node 710:    	67	6	96	36	14	2	21	43
Node 711:    	66	49	13	59	2	22	68	28
Node 712:    	55	44	47	49	95	59	50	7
Node 713:    	28	9	58	54	66	82	61	45
Node 714:    	2	37	35	34	57	16	76	60
Node 715:    	42	81	79	40	22	13	91	9
Node 716:    	34	88	99	73	90	92	29	91
Node 717:    	41	67	62	80	87	53	70	33
Node 718:    	80	79	87	71	25	50	83	90
Node 719:    	15	65	36	24	70	3	93	78
Node 720:    	41	25	46	8	39	58	57	65
Node 721:    	91	83	89	93	48	28	78	68
Node 722:    	90	33	8	35	40	78	54	60
Node 723:    	83	53	92	25	96	26	57	31
Node 724:    	82	39	49	2	8	81	61	83
Node 725:    	28	30	66	67	39	82	32	97
Node 726:    	52	49	1	21	59	68	61	72
Node 727:    	55	22	53	72	87	48	28	10
Node 728:    	86	55	2	52	20	63	3	66
Node 729:    	88	28	82	75	55	54	93	37
Node 730:    	63	17	62	89	55	10	87	2
Node 731:    	55	59	83	96	79	16	89	5
Node 732:    	6	34	48	52	41	10	14	87
Node 733:    	60	23	94	98	83	40	10	55
Node 734:    	74	24	38	33	67	75	64	49
Node 735:    	26	97	81	86	41	70	3	6
Node 736:    	64	63	6	2	48	67	7	95
Node 737:    	37	43	75	21	93	14	98	99
Node 738:    	89	46	44	86	40	70	62	2
Node 739:    	44	43	6	37	48	28	40	14
Node 740:    	65	1	67	2	27	52	43	73
Node 741:    	79	99	51	76	37	39	94	10
Node 742:    	58	59	69	10	79	77	43	37
Node 743:    	70	7	49	90	3	53	65	6
Node 744:    	78	46	23	39	52	13	74	51
Node 745:    	77	82	6	87	51	7	36	12
Node 746:    	88	73	19	81	63	8	12	1
Node 747:    	79	96	50	28	26	43	27	84
Node 748:    	50	46	29	37	15	31	62	24
Node 749:    	64	86	36	11	57	53	5	17
Node 750:    	49	21	1	13	81	28	94	48
Node 751:    	90	39	76	14	8	27	64	80
Node 752:    	21	29	4	52	27	58	22	38
Node 753:    	10	36	16	71	72	78	35	9
Node 754:    	90	50	24	74	70	75	52	16
Node 755:    	73	70	47	50	80	5	11	52
Node 756:    	14	70	98	79	9	77	97	5
Node 757:    	99	8	60	31	45	37	42	29
Node 758:    	64	81	72	60	38	69	83	12
Node 759:    	63	91	58	14	85	44	86	83
Node 760:    	17	67	8	23	86	94	52	87
Node 761:    	69	8	70	72	57	0	64	97
Node 762:    	62	80	79	76	84	41	68	60
Node 763:    	46	4	60	9	8	72	94	65
Node 764:    	19	5	29	62	53	65	64	35
Node 765:    	47	20	82	27	62	41	5	54
Node 766:    	31	44	96	59	98	79	97	18
Node 767:    	74	52	41	9	64	43	53	4
Node 768:    	1	68	42	7	10	88	5	6
Node 769:    	64	56	54	15	38	55	95	4
Node 770:    	65	55	7	50	29	23	6	33
Node 771:    	21	38	79	59	50	91	2	92
Node 772:    	4	26	98	36	91	89	80	38
Node 773:    	90	16	92	40	86	68	82	53
Node 774:    	6	5	97	63	53	46	1	51
Node 775:    	67	79	19	75	38	85	64	48
Node 776:    	88	68	70	20	34	65	16	7
Node 777:    	97	26	35	99	25	32	9	57
Node 778:    	4	86	18	87	38	12	30	89
Node 779:    	3	50	21	96	31	42	25	55
Node 780:    	47	50	58	38	9	37	67	89
Node 781:    	59	16	50	70	18	72	34	67
Node 782:    	54	76	36	99	72	49	80	32
Node 783:    	33	64	87	43	61	85	70	13
Node 784:    	31	44	96	64	97	94	54	7
Node 785:    	55	12	17	70	1	49	68	31
Node 786:    	73	14	3	49	97	27	61	98
Node 787:    	98	35	1	92	28	68	75	89
Node 788:    	94	75	45	28	44	62	84	48
Node 789:    	1	2	14	74	40	64	19	76
Node 790:    	45	7	81	18	66	56	3	63
Node 791:    	60	51	87	75	3	37	88	49
Node 792:    	99	41	89	23	94	88	95	49
Node 793:    	86	35	94	71	34	40	57	8
Node 794:    	25	61	12	24	15	4	43	97
Node 795:    	39	87	79	38	27	28	50	0
Node 796:    	84	25	1	65	50	86	76	27
Node 797:    	97	85	93	46	87	7	59	41
Node 798:    	41	71	68	13	90	61	65	52
Node 799:    	79	83	56	29	97	28	50	6
Node 800:    	5	9	74	46	50	81	10	73
Node 801:    	61	65	3	48	99	98	7	14
Node 802:    	29	47	68	27	89	75	56	21
Node 803:    	23	30	90	28	5	59	44	96
Node 804:    	93	50	64	42	90	98	37	81
Node 805:    	72	39	54	64	18	93	98	63
Node 806:    	72	98	32	27	49	51	80	81
Node 807:    	66	9	42	85	86	52	55	43
Node 808:    	12	38	19	23	74	9	59	79
Node 809:    	0	81	52	49	48	18	25	57
Node 810:    	84	6	80	32	51	85	8	1
Node 811:    	19	87	58	10	76	27	44	66
Node 812:    	58	67	40	49	3	78	11	84
Node 813:    	43	67	40	90	15	59	38	65
Node 814:    	51	69	53	85	33	47	4	0
Node 815:    	91	31	67	7	60	79	96	49
Node 816:    	67	90	66	2	79	47	62	30
Node 817:    	93	90	2	41	46	34	1	4
Node 818:    	92	47	48	42	43	78	37	58
Node 819:    	75	47	35	45	3	4	78	96
Node 820:    	69	19	49	12	99	7	46	97
Node 821:    	66	36	57	7	43	15	53	50
Node 822:    	59	81	8	63	89	61	15	94
Node 823:    	70	12	14	72	84	15	37	39
Node 824:    	70	93	40	20	24	21	71	60
Node 825:    	68	23	1	70	5	65	61	46
Node 826:    	76	84	95	39	45	83	6	85
Node 827:    	56	36	18	85	24	48	21	10
Node 828:    	19	78	50	6	32	28	60	40
Node 829:    	44	37	6	7	68	89	84	15
Node 830:    	29	27	26	67	51	90	72	12
Node 831:    	90	92	41	98	84	5	28	99
Node 832:    	37	79	53	70	60	23	20	54
Node 833:    	39	93	95	27	49	6	20	89
Node 834:    	98	61	16	70	62	91	35	67
Node 835:    	11	69	39	90	15	49	98	22
Node 836:    	81	57	23	60	68	33	29	62
Node 837:    	87	43	99	52	76	8	6	29
Node 838:    	21	63	15	99	13	1	30	42
Node 839:    	87	18	6	4	55	36	64	13
Node 840:    	2	8	81	96	27	0	86	4
Node 841:    	62	35	94	79	40	54	84	41
Node 842:    	80	27	82	15	62	61	0	95
Node 843:    	5	16	2	1	28	84	83	70
Node 844:    	42	91	92	49	37	32	16	41
Node 845:    	39	22	69	44	8	34	98	28
Node 846:    	87	65	81	17	85	54	83	69
Node 847:    	52	96	75	84	55	18	1	16
Node 848:    	27	81	95	29	52	53	85	60
Node 849:    	46	72	62	63	51	71	41	29
Node 850:    	27	66	54	74	50	15	57	68
Node 851:    	72	10	31	12	58	83	36	22
Node 852:    	40	25	57	58	46	76	63	17
Node 853:    	31	11	15	62	13	43	48	98
Node 854:    	55	79	99	33	51	81	26	25
Node 855:    	40	24	76	45	0	14	62	36
Node 856:    	85	60	42	37	10	50	12	0
Node 857:    	29	64	78	31	85	53	0	74
Node 858:    	20	70	74	51	4	60	63	97
Node 859:    	38	41	47	28	91	34	27	99
Node 860:    	57	10	26	24	21	74	98	36
Node 861:    	31	46	36	75	86	21	26	4
Node 862:    	27	71	53	93	43	54	21	40
Node 863:    	87	73	15	89	37	26	99	44
Node 864:    	78	24	74	21	67	12	95	41
Node 865:    	25	58	10	85	27	64	97	0
Node 866:    	61	56	40	17	76	69	12	83
Node 867:    	90	19	24	49	80	51	34	91
Node 868:    	82	23	85	57	45	9	83	71
Node 869:    	11	33	45	47	49	68	36	87
Node 870:    	52	97	42	17	6	29	9	14
Node 871:    	32	89	44	49	18	1	77	93
Node 872:    	96	73	51	9	39	42	86	53
Node 873:    	92	5	50	31	39	46	93	40
Node 874:    	91	67	62	61	74	10	12	31
Node 875:    	66	65	72	79	11	40	37	15
Node 876:    	1	21	10	23	81	18	75	56
Node 877:    	7	35	83	45	71	51	52	66
Node 878:    	80	66	36	40	76	69	97	9
Node 879:    	37	73	71	10	65	4	45	48
Node 880:    	47	4	82	81	3	61	54	41
Node 881:    	51	91	58	42	84	71	7	87
Node 882:    	43	79	46	48	47	80	12	7
Node 883:    	93	52	43	86	59	53	13	36
Node 884:    	45	70	77	11	38	74	55	4
Node 885:    	62	96	63	16	4	55	13	61
Node 886:    	43	31	30	37	65	42	94	17
Node 887:    	37	48	42	62	41	86	69	89
Node 888:    	94	71	8	29	58	11	59	80
Node 889:    	13	41	59	44	78	11	76	63
Node 890:    	31	38	62	65	43	79	35	54
Node 891:    	54	99	83	95	18	94	47	24
Node 892:    	8	69	30	32	54	35	9	46
Node 893:    	49	76	6	18	0	5	48	41
Node 894:    	94	65	95	47	88	11	93	50
Node 895:    	28	82	22	95	34	24	83	41
Node 896:    	90	10	93	57	36	97	64	28
Node 897:    	58	59	25	11	61	18	16	12
Node 898:    	46	89	45	59	13	4	24	72
Node 899:    	88	91	69	39	27	41	11	92
Node 900:    	27	63	28	59	51	38	49	58
Node 901:    	26	69	57	54	58	46	77	47
Node 902:    	15	38	80	71	92	91	25	33
Node 903:    	59	22	86	49	34	42	80	43
Node 904:    	40	25	26	41	46	11	12	87
Node 905:    	13	87	19	80	61	50	71	55
Node 906:    	57	35	96	62	68	6	30	45
Node 907:    	78	55	89	66	16	91	30	28
Node 908:    	2	34	11	78	79	71	1	52
Node 909:    	54	18	30	35	33	82	96	62
Node 910:    	61	81	68	31	38	86	80	50
Node 911:    	97	44	55	26	91	2	47	36
Node 912:    	7	68	75	24	20	61	22	34
Node 913:    	54	41	57	22	91	3	4	8
Node 914:    	83	3	26	47	90	44	79	59
Node 915:    	99	1	70	13	51	74	58	73
Node 916:    	49	24	88	89	17	19	14	93
Node 917:    	48	72	34	88	18	92	79	44
Node 918:    	4	20	48	46	95	90	69	13
Node 919:    	91	38	68	77	93	17	24	23
Node 920:    	26	12	71	33	27	32	56	87
Node 921:    	90	91	35	25	14	60	0	89
Node 922:    	62	78	14	93	2	39	89	30
Node 923:    	38	97	54	69	98	30	55	59
Node 924:    	76	54	3	10	42	50	68	64
Node 925:    	61	35	93	22	46	11	79	3
Node 926:    	72	33	86	42	26	75	28	47
Node 927:    	30	29	91	14	90	42	32	84
Node 928:    	90	49	26	34	21	72	31	59
Node 929:    	5	93	24	57	80	36	12	58
Node 930:    	91	19	68	6	47	83	20	4
Node 931:    	16	97	14	4	67	33	13	0
Node 932:    	58	74	39	0	32	89	22	46
Node 933:    	91	66	35	87	61	90	63	3
Node 934:    	22	5	10	69	62	38	1	55
Node 935:    	3	48	38	5	80	89	90	75
Node 936:    	32	23	14	28	13	87	37	12
Node 937:    	57	55	63	1	64	45	66	77
Node 938:    	83	7	28	8	85	71	46	64
Node 939:    	51	30	63	39	75	15	48	70
Node 940:    	13	65	88	84	81	64	70	53
Node 941:    	89	16	84	73	7	77	10	54
Node 942:    	31	38	74	67	90	75	87	82
Node 943:    	18	58	73	48	5	70	65	89
Node 944:    	96	84	67	57	78	54	39	38
Node 945:    	57	47	15	82	8	32	93	91
Node 946:    	70	73	75	5	31	92	15	57
Node 947:    	94	27	60	88	70	18	78	97
Node 948:    	49	18	9	56	74	61	36	38
Node 949:    	44	66	93	77	9	83	78	42
Node 950:    	5	9	72	75	60	49	50	85
Node 951:    	30	25	72	40	31	93	79	42
Node 952:    	42	66	75	0	65	57	39	9
Node 953:    	31	27	22	94	82	3	1	5
Node 954:    	32	43	56	0	99	91	28	24
Node 955:    	94	82	54	3	21	72	26	49
Node 956:    	93	19	89	17	38	95	99	11
Node 957:    	88	37	91	97	57	67	65	78
Node 958:    	11	47	25	33	98	41	38	90
Node 959:    	54	67	9	55	3	14	20	49
Node 960:    	83	90	95	53	45	24	57	56
Node 961:    	19	90	98	29	48	40	57	60
Node 962:    	8	65	15	35	16	52	88	91
Node 963:    	97	47	69	39	91	63	20	30
Node 964:    	92	1	85	35	40	50	44	45
Node 965:    	99	26	31	8	6	41	58	25
Node 966:    	76	67	32	94	59	15	78	72
Node 967:    	49	41	66	4	44	19	82	53
Node 968:    	83	1	5	28	97	90	43	62
Node 969:    	98	29	68	61	38	66	62	12
Node 970:    	4	11	0	66	42	65	61	14
Node 971:    	76	39	95	48	42	53	4	79
Node 972:    	31	54	98	64	92	34	81	38
Node 973:    	85	58	71	96	56	69	67	36
Node 974:    	92	6	41	87	27	37	24	13
Node 975:    	54	21	84	68	94	40	0	46
Node 976:    	90	50	40	69	82	52	38	76
Node 977:    	81	85	47	56	20	10	46	97
Node 978:    	17	4	23	71	77	20	12	84
Node 979:    	84	75	30	31	37	2	25	63
Node 980:    	48	13	21	86	15	24	96	65
Node 981:    	56	23	91	3	79	95	70	93
Node 982:    	21	49	1	44	86	32	88	62
Node 983:    	18	9	3	37	13	53	86	55
Node 984:    	59	92	53	80	96	83	87	48
Node 985:    	16	64	72	17	32	3	23	56
Node 986:    	32	57	11	43	73	38	5	17
Node 987:    	15	67	32	66	84	45	18	14
Node 988:    	66	27	34	81	24	59	73	13
Node 989:    	44	5	52	54	0	82	37	45
Node 990:    	76	2	71	6	88	39	49	25
Node 991:    	30	14	10	5	1	95	38	16
Node 992:    	15	22	77	18	55	12	90	69
Node 993:    	73	70	85	17	8	21	56	15
Node 994:    	23	96	99	65	95	4	27	28
Node 995:    	43	71	38	65	82	53	62	61
Node 996:    	26	29	79	53	20	58	38	12
Node 997:    	67	83	76	40	4	96	66	48
Node 998:    	37	46	8	75	84	85	78	33
Node 999:    	30	22	13	18	27	90	28	61